100
3 2
1 4 1 1 0 11
4 1 1 1 8 11
2 5 0 0 0 11
4 1 0 0 0 11
961 986
345720697 719244872 293456763 528209624 393139656 608979170
3197427 2058493 2336760 4576785 3157875 4981299
117658737 987778853 443765030 347788392 374009736 878609580
2983619 2042391 3744372 7027017 97080 1326928
983 994
7692 1349 221 4415 3272 6340
57 95 89 92 30 9
5429 3030 2405 1898 1557 882
55 94 11 18 6 68
973 998
344871875 963331954 693588927 674967484 36545076 947034211
4258534 1611338 5026057 8128927 9758621 303207
458221551 406356562 225205180 319180585 183112558 498606121
6387260 8463897 9167918 8180537 7560215 669305
994 989
592734310 784677012 6130424 867055005 676865557 375960903
708296173 956128231 250830172 225261234 129886790 764028379
191298925 505156413 789409612 70163116 552733874 337424901
833063225 585255295 180369930 853133422 431712692 775557038
992 971
191458561 42039899 778347205 226731025 568496110 414236915
825180246 580831808 792037804 948554717 501582364 489274310
544597917 213035457 609383409 689622198 859115544 34842531
287979195 864245489 371007354 161800475 424082313 835110515
971 968
295016682 280263069 975060160 187115627 323455112 492877587
5883016 4163167 8422493 3928644 266761 817100
91057997 323235887 913413547 570521176 598500583 419637468
975164 3910421 4567473 1648159 453657 7286766
996 975
592054213 618173450 836291007 498867960 327278828 930136078
4030385 5424697 797431 9753141 1234489 991308
904398076 151060403 514670040 929099628 621919477 788949614
6435165 4756459 8376045 4782635 7023635 5457375
980 954
154872419 709302767 800233974 579732157 534147923 424746226
1907608 2249244 5714391 2070105 203010 4221209
631355421 824570906 81199362 956538577 70086986 284596745
6219040 1549678 8775825 2160794 6493512 4794448
980 974
1376 3244 4869 8961 3445 1363
74 85 6 66 78 94
320 4356 9736 60 1054 3439
86 19 68 64 46 59
961 991
99883155 437009252 952475667 464785554 16175130 874976745
9045592 4156611 2322417 2128306 5371974 727237
965576520 172469301 995908477 295472778 672063104 108029417
2616483 8793666 8368739 3712439 2875776 6823850
954 971
622640659 35402475 913768056 820133279 417245028 160329807
6913903 2997432 2958748 5288340 2860142 2382928
317588223 5735611 76996419 764061933 448579685 567868429
6582360 3596012 9313020 241234 9423111 6999969
991 988
877832910 782762296 11169747 51327927 742340559 925693672
784756670 981304161 885970683 659832405 318348926 779743501
949711784 475254821 22745439 21123961 960051164 327163426
386715938 675198816 7949697 229171043 130128623 271140886
1000 966
185918339 250214107 693300714 758709298 990216854 342288272
889777191 464334883 109038550 129069629 959918211 609728620
696623559 794267158 161073118 677973923 432504315 624388838
62384226 181193671 766112417 608087874 81865779 715445483
975 971
360024438 542702866 794758845 68114564 945635956 232421609
9587375 7050235 5931251 11235 6638129 1418247
133503472 73378159 957087516 46137986 241149964 942524641
8874411 653111 95533 978346 6804546 4301117
957 953
2384 3845 6930 9511 8021 8657
9298 861 846 5733 9560 2875
3139 8617 4795 9295 832 7111
4361 4349 1951 4544 8177 955
999 994
60322236 448562627 477553917 98016473 853750439 219223035
8765199 2815638 7862659 3568524 4350083 3884308
592887546 290453965 590824009 153091490 781039014 159290535
5500084 933998 1797436 9398027 264570 1754845
976 989
981239351 160211287 188591508 756785266 468216468 126219127
181226079 994090722 781959388 944624591 81757447 475316110
742389648 293855400 946898710 221874628 759138553 453141479
207670200 61847455 748214717 292807945 651381080 473035843
960 987
1299 4753 1042 8615 6050 7488
8074 3694 9597 323 397 4086
4662 4199 5598 1211 1033 6436
4520 5966 1951 5652 5027 5702
1000 1000
1 2 1 0 0 1001
1000 999 1 0 998 1000
1 2 1 0 0 1001
1001 1001 0 0 1000 1001
956 981
294513242 319371523 455763887 759707588 337945678 601790250
289790201 954391605 252750928 720916035 900505645 685539949
990199659 746884491 808058092 574000635 587775923 975289296
962164745 437521910 809482001 164602977 953213810 304713552
995 996
950636114 419553475 846901247 217301290 130979359 956585937
489867767 639440962 890111223 687821040 127665502 524284128
874004375 607847051 94714138 956193205 698944563 374306454
48265557 543126677 629144468 148241679 326600356 646095184
987 994
8571 4536 7500 7694 6235 4507
42 15 59 60 69 21
300 3068 1067 7894 5189 4500
93 85 54 27 75 87
990 993
228723670 334644122 33351546 608370072 398856508 854257795
4273943 5721495 9578342 5862947 2451060 6283821
623172554 654595375 745264112 688726405 524761976 326391840
7383310 4599313 4424846 6043282 1524133 9374951
1000 1000
1000000 2000000 1 0 999999 1000000000
500000 501000 1 0 1999 1853081
50216 514 7 445 6737 998500201
36336 33663 63 36 33 1787783
956 995
614818017 752376395 767095484 668276555 748091878 63634930
47651343 444212386 603326278 945360082 153301079 404050971
149763772 546167128 636356622 990418190 440061735 713634490
717779743 162128058 765463749 37377709 791451132 514128108
973 974
272708258 282877479 404915739 909443096 828231925 115759574
4214042 5187330 8954509 9789813 3723311 3567752
371327420 597846578 21910404 983629518 941314022 245620922
6594687 8291281 9870812 575801 5965559 3731233
965 951
994984701 298560967 82052012 7987813 673985735 905923392
556300793 326486083 452866373 85594062 758313395 800742326
768449973 526071732 659142962 152231912 439519600 841670819
627667425 868713441 264737744 851595090 463352065 811766863
972 990
163164125 525583143 857090067 300272554 963124535 904870105
7863141 770693 6541880 6604688 5796116 4012098
497841427 106369375 868981788 113751424 212118250 32498393
2648385 4681653 3933539 293395 2661006 8005212
963 961
755552617 619295912 351093683 851207371 410514813 150731348
707085 2162342 4109130 1494912 963655 4908986
241447784 748498257 946713939 396905051 257427033 148266120
7305852 3921649 809747 6761417 5181947 7245448
967 980
896247140 874781546 306812809 640751313 114802205 958003451
5466575 5728214 3262271 659320 3001894 3861531
815628700 796643327 976390702 185221641 229960032 151879597
8185643 4531633 9102956 2412977 7648214 3074981
987 998
901583628 944170351 839109064 960081747 94301028 555683170
1345128 9280846 9438550 8791305 7848323 864629
997645181 192238427 965331244 656188499 750048899 605542552
8703609 1645466 2485822 2113714 8451011 2481932
973 957
418184516 779850326 290559389 97179478 291121594 220671046
821141665 499945936 556383727 806448371 600225431 167589057
297542785 570941777 800262565 295108638 348132041 881040723
252473061 707437644 176420417 575454003 578333490 773291962
952 955
375649748 43496996 56712853 196872049 169276134 481060891
2049736 2259295 2066561 6465928 982370 2458385
979767012 741715415 312020695 310500766 172381664 286048082
9212738 7697814 5645137 445796 7387610 1456525
1000 1000
743572698 221339227 106698784 618591795 475447684 544660860
814714870 900627605 633322325 649700198 513441185 940608095
743572698 221339227 106698784 618591795 475447684 544660860
814714870 900627605 633322325 649700198 513441185 940608095
994 964
471954965 647234838 266347814 512025472 860505521 157861534
2002137 1082794 9840063 9831972 1537371 3031325
71392355 262141684 41478647 454629602 360956882 397302655
1551125 700854 874502 8132799 9594143 3061257
979 998
285531693 379512952 421172048 578520032 67320514 476127109
1719713 9537096 2340620 1126952 9857929 5250029
906344782 484329663 968505739 786872398 770475820 576537032
4666085 4981825 9332009 4636089 8216581 356048
985 977
552425457 563058984 393315394 995910166 323115040 696369002
8253326 2436206 7939141 3550881 1176738 2861359
28046649 768325802 968253029 139326110 383406474 396992998
8582250 3251032 4905111 4778324 411048 4207780
951 967
759373693 921018442 36603398 563688628 334297921 384470815
9111707 2013949 9044101 6618295 5096525 4939894
486867978 721587395 730624545 956416200 800607250 836832873
3453613 9275702 7956782 5933729 3313665 4295975
961 1000
751240600 74439937 319994891 712968080 302357391 284156916
491506177 396828453 746296245 613418962 71472907 599798401
427174821 171726570 633240186 616626206 591399162 362664809
547630059 408718691 268969123 563897270 667754541 508679917
1000 1000
10 20 1 0 9 100005
10 10 0 0 9 100005
12345 54321 2 3 4 10243
3 10 7 9 4 17
981 988
609353884 435047755 608327351 982731721 651223844 367718226
386085771 619747676 117985754 708055820 824757618 68751940
272557667 746102008 445744787 984286258 987836170 128393582
352749408 176047810 390825058 666374172 455690232 369533257
953 993
837481636 171500105 636098331 949294533 662116013 121922535
1677726 6267100 3798312 9182890 3531282 2872421
1706765 558556088 66578330 985455160 20501966 241226191
8512645 1334197 8544800 2159908 3833095 7374410
2 1000
99999 1 0 0 0 999
99998 2 0 0 0 999
1 2 3 4 5 131071
2 3 4 5 6 262145
998 952
563771322 779681056 306297733 715211981 193517471 518154935
9709105 7279348 2829600 9809206 8684416 3861751
914964110 990453081 675795593 92505785 252021808 288086991
4426468 8512671 780273 3404858 8558123 7013849
978 968
985201035 73814377 366770378 375246486 944526662 160133500
650386247 37597484 138378029 793883828 419581326 893947254
144304515 94541835 99281712 720430163 179426796 530360919
556821757 848277145 617060776 847098966 631954220 405379978
968 987
954246834 173191147 639695254 575279847 808370803 114124734
179865343 86596980 933242338 252023631 917738951 211283350
174832046 460762834 323729521 36064105 837091899 696612672
542254841 831124310 117160587 307574475 491136857 215831851
971 992
35132228 334161003 469923969 825389846 144065054 491645790
9473079 201134066 999497836 878580245 316962063 920750750
151952889 360731645 681324959 895836918 865459234 9830585
915460400 675095218 194018344 806058209 698574196 932203320
999 953
790529399 312372388 18680125 555918310 813292794 900812997
567438301 512755147 926022061 509171778 517897980 832377696
660212334 629596981 697850237 374162998 103449216 658070600
167012335 817246709 180943524 515297342 827672349 922240990
975 972
419536725 601916205 530860675 284821536 17238094 15597439
548103600 82522863 967844794 685680901 765379131 940650004
663124922 79558892 22539780 797892606 655258413 275163370
673923480 341710081 400518148 304389289 948259841 950483500
995 966
178707950 634995195 920210169 259009066 237200584 419652235
126182 7340521 3666655 183270 1138182 3579946
544735770 564717754 49597744 986846251 38062086 204165409
5971902 1997819 5411583 8796300 3364917 6737224
980 983
669961276 414724026 495567404 93347611 970404542 410600818
159484246 52437880 513268475 647767467 633746128 721705024
423190024 107807340 857873736 7409323 854057217 321713117
892750312 210683999 368829078 699621652 429996025 387567239
1000 998
571304103 105677204 290624863 417647910 366938900 346127706
386485700 663992269 148471834 718906547 505503803 28318563
531967793 191807097 467610940 734275991 342747912 688189982
667026865 155405221 418438650 454603301 801416024 784050166
996 996
905390814 378935791 623681687 605102322 43598218 260670494
2205308 8186242 3157143 4174652 4263269 3485936
13742519 618698416 301077916 594104567 931912386 251956841
506737 3312659 6133894 9289462 9759763 9507562
958 961
459341321 730407899 582764195 254596946 761198976 202370398
184047423 571383591 575752157 847905846 865798156 980432419
888375118 554960331 176025989 498738109 825540717 548695870
776872903 541060970 701667006 209768715 707898832 315463262
995 990
753824816 315011263 464749267 678417030 875726908 460670420
1861606 5486139 4007376 6302551 1009940 7976123
596960860 55151445 752094180 808321561 10170697 106243086
1020020 7919177 1451873 84840 7558324 6311900
950 967
6240 1866 8863 8220 2468 7098
1519 1814 9303 5198 9783 725
11 9599 5667 8621 5532 2041
1524 2217 9288 5316 9516 4904
976 950
905553417 367705192 865148690 334118947 998851815 121248395
3995109 9330411 1117772 2232775 1092221 7670044
958962869 279731828 939122705 669511318 766884956 677111661
2486371 8730956 4427787 4733470 5325950 3741036
975 988
501251262 140522462 652884134 240399902 240105007 764519488
2755042 2247960 6898543 7528388 6395235 3854384
923072342 950032376 248872599 598165487 742780865 177631718
4537588 3597591 8241982 7394 1764995 7617909
966 969
907363747 632972531 907899320 679910831 354726523 686500315
760100002 528511196 225171327 648387725 548465938 84257801
621219606 936508243 357272180 127791587 365519047 460167707
268622434 517494478 666587369 359806407 120432164 323400647
979 976
851114764 463419814 428108850 165644235 534529232 715588429
774882085 655394608 482551759 102840776 28382094 874926302
3091759 395277926 124183780 473537996 90857942 433679548
57912985 7774465 743237445 245927146 809570671 592689819
972 968
824587075 594404096 29821218 908133671 228605962 221137976
646715143 893192240 592111727 7942768 500045458 315874958
837885265 974708008 40773373 856076556 747331579 393076309
878882411 172602018 636434694 14379104 40300183 494232836
992 994
843958512 285895850 955780667 828269606 628390810 985862430
1674803 1013229 5574751 3014616 5555461 2265272
420990392 699519674 48738717 416104596 801085891 84436837
1455390 4305245 3646018 910184 4762268 5235196
1000 1000
97757432 84110822 628897545 693463948 957914468 825089773
763685683 864317279 879535309 735020961 839663565 817816847
97757432 84110822 628897545 693463948 957914468 825089773
486279783 481768911 418706674 945199424 556237449 966152713
996 962
837238698 242303090 937162314 90864257 59003637 492411630
3254400 462349 8089262 6901566 3221603 3377312
353202352 702773208 857658449 313320550 721327228 349094763
3481794 6002083 5237514 2154992 8000508 142156
953 966
30143497 129620830 187393585 42456309 987293506 359215908
488395635 438053192 811147051 321619864 319498128 867452231
497648070 733041848 629357539 733538354 117786776 125238290
717707904 213691496 421429023 690279903 57112774 445302109
1000 1000
188671750 5708577 297641350 284844711 574271738 118086714
824593863 763707677 57007738 574732177 589541644 542020106
860061359 450568462 0 0 112453428 80242274
816084777 297218673 543278702 987023758 336783214 821418020
972 972
527368692 935671424 270174050 176050400 769701683 891018872
5940532 4702718 3778096 84030 8300177 1282093
58052543 841364464 99495794 759860420 951539703 302639232
6729218 5614740 30284 3871942 7722903 3758661
952 989
279675964 90103297 494837937 358490940 791237345 796121014
595732866 434627984 453267600 936267995 661336944 789990026
116174058 707686595 65605940 718994367 366417312 468203890
637486911 557995301 341789844 937817959 777259438 923545197
999 1000
910732623 158558307 304600525 554497287 571754472 250468260
402182038 80132028 856767653 29564885 9829425 309235639
131976038 865146529 292099470 137861082 331023773 698217819
366368873 416656727 540301696 382031852 16150422 558948510
957 982
804077668 496112391 908177810 476225926 629188274 980276559
8556561 958807 5699147 5702514 8999710 2639585
206228979 724562034 263981435 200682893 973512345 753401418
9414712 1740055 1866394 5912240 9633375 3881128
988 990
684858282 229960612 251163062 28875243 443563253 299680110
247678790 688631806 72123709 628256907 51393904 231592100
863882485 926611192 285226960 844752979 260213426 449327986
343104856 540238478 617545694 761422043 293967662 202325170
999 959
75203745 69419788 549896240 352599862 612176442 214472546
9318253 2586439 4476697 2212777 9257992 5828850
921577273 403249206 131351821 397902434 986986711 774998050
3354191 1492126 2480922 4693530 3277232 6785804
991 972
477380113 832760899 946913850 618561814 185216302 512218896
494947717 978207723 938329556 293792210 126237676 584444945
985201158 585094859 2848755 527961610 894889400 438655048
318902244 600958613 925424718 72836217 1067195 602496995
995 959
62078952 234242976 156791152 272891358 150191810 803028093
395532086 213529791 933565112 256339750 366184669 88728170
902292411 781193575 606633196 282850914 723861315 974128027
501777196 793809035 840240801 244426974 691528340 782314801
979 994
154266453 351263574 773908839 889321479 1392385 116935021
9394894 8947879 7952445 1707155 5476975 1722817
443145175 439534213 645710440 178035583 518329475 592857679
2102554 6193971 7658809 2201393 6721092 8900084
951 977
821307503 566789605 200952609 137178391 353356538 81219207
4187940 7103629 3179253 828086 4482689 474906
861977950 868832434 271664334 820145363 684358564 487268110
8174361 6256253 9826290 4639312 3619545 4602690
990 976
438141458 156951447 148097880 786709317 8621410 287999988
460705323 22673755 463460311 903908663 401700556 849795821
594738066 565244871 361018011 935416308 926834815 51707279
35680556 228141245 736602696 961725236 160603302 845620170
954 977
469084487 949095147 64451218 109557889 556534347 151277415
9549994 385018 2753958 7004217 1557861 7957434
242284584 407527719 156746635 91398768 562452423 744618663
815248 1437841 1445498 8661573 1714409 1569759
963 984
288482232 209115128 22593533 468466633 939266936 543068002
3550744 1709069 8106428 2017584 1253180 2615783
508525022 625023474 754933002 915321775 957822679 315739904
8315895 2468538 8903819 589437 7542915 7010403
968 993
373520499 476227765 517467426 888277850 896444607 260112326
134568168 561605400 369973020 113669427 668698376 44417468
750039788 98061949 179868705 60825025 362748069 915044090
280993978 219066207 688494260 149283714 306532859 615922200
967 953
970706377 235919230 774974920 1324974 795080265 378448378
749915172 59052644 383658077 890658247 994184430 651803753
389433033 394299325 443096200 463182614 652786674 18988998
793376030 859998706 202462376 162008269 542652036 132792187
955 962
1097 9791 545 9468 1739 3375
7 27 57 59 16 98
5569 3970 7685 1576 4175 7882
49 4 51 73 53 27
981 998
220512480 79989554 988052868 510955197 452068035 337826824
1749077 3958650 8620296 6088944 9433893 6946637
490109896 979209650 825117936 928197638 151993127 953900475
2598211 3252828 3462398 863097 6559009 9879504
983 972
875924542 816063633 962767744 951831854 14005451 931027234
9679521 9116711 4118061 2394466 4174787 3136166
356241337 666227102 144502389 846000160 592919249 273582001
9729197 344839 9302963 8032924 9787852 7635397
1000 969
143935373 577673169 582080768 861501717 12564347 940872454
697075404 55562681 735955357 995338276 534494017 54858608
524184615 906114142 112918803 663828934 7465500 526384798
719236854 168292247 693918766 515841707 900991851 436213626
982 999
126221320 632642673 602786081 465421626 884350197 630362274
4786312 8949805 4921816 1315209 7672487 5627424
935884904 212382842 479124082 161782287 860154408 292416884
3351021 4464479 1984582 2844386 8099514 1247117
990 952
3025 5893 7610 3013 8265 6859
3984 9521 3666 7456 8938 4250
7075 3531 4454 9967 6580 4454
8182 8000 2291 123 6020 4956
999 989
171414541 131227761 481338347 300957327 961417635 275427241
8187159 880641 6583753 8523987 2915665 6068140
504945190 855380587 166215019 626623715 557850570 605990225
744265 6259835 3686379 8524849 1354896 8666677
950 954
649222821 579773806 161596986 150283231 550244240 32365636
1704967 1593732 7392247 9927091 4122686 1783013
806040818 182386803 280737669 138305824 437659733 335560189
6123115 5345344 833309 7784924 3534908 85463
990 953
521220103 552823137 135408980 936129944 843410573 119278573
7573668 230619 9921701 8137036 4735375 702280
599490030 142250684 506431642 140643725 580566396 317343880
8116023 404099 6845051 558300 9299305 349182
965 958
394964266 754417635 155504755 791209376 22413509 225965609
604719725 360816672 734042479 301303606 140958731 92098960
886324861 478601550 220880545 477751845 78655951 583759319
351814487 554205996 747465679 758720819 931707378 677811067
986 958
328706762 483575885 533332521 601782971 932831042 576811096
9680549 1887367 8437553 4350140 9059370 211179
89691073 150264834 833789675 8148257 201231922 387591263
2104491 5633176 6888963 5072850 1504854 2295017
970 982
745049843 876460101 174851397 817467272 159501486 553925762
7385014 3706857 2909864 7101820 9904074 3212472
442788760 347980274 314981203 507046150 743769865 777111964
1339556 4176957 5471886 4635432 4307472 8309404
974 962
475636580 885117276 291859120 86321009 318014250 825721747
990549163 197640799 380154058 611475051 674450837 679750977
35146231 732423683 639364599 371938530 104301054 690436897
962058546 581657843 902922574 590804928 387431938 978837714
953 955
505568994 394798102 937011650 929474402 349417724 231373691
8589554 8737449 3565111 3221708 5254117 3872694
146459549 171678099 78811759 630782668 247296370 920257956
8159982 2211377 6016373 9030505 3821533 6550238
951 985
203715357 642746878 212656838 673390740 242528766 182832044
309374416 889711062 203330396 85499549 679099256 582357483
406992076 471752203 178997343 525566191 290716874 961708649
56508543 369290657 277687041 409811466 379945288 641222086
964 966
405201317 191111956 718250301 800291333 555340732 67964461
354732725 533390210 580171060 301422020 283784830 903060943
417715560 529334359 821862346 816017389 695180312 772905414
202599410 952104024 45913636 308060122 885156935 783541382
953 1000
1430 5495 9226 1779 3603 3456
7827 4057 9578 6135 2890 2636
6180 5367 4477 4283 1289 5092
8574 3 483 2376 217 832
954 970
90290357 167852606 329557535 488957107 21341989 812123486
2687062 8378658 2011478 988755 767500 113576
331617189 127799188 685714198 761805918 63043179 340182983
3928681 3376586 2392973 4079140 674194 7352491
